D=0.6 tau=1.53 phi=2
D=0.630947552160424 tau=2.601 phi=2.47098339377443
D=0 tau=3.179 phi=2.7
